8.675000000000000488e-01 8.670999999999999819e-01 8.659999999999999920e-01 8.691999999999999726e-01 8.659999999999999920e-01
8.931999999999999940e-01 8.883999999999999675e-01 8.951999999999999957e-01 8.907000000000000473e-01 8.908000000000000362e-01
8.951000000000000068e-01 8.995999999999999552e-01 8.981000000000000094e-01 8.965999999999999526e-01 9.031000000000000139e-01
8.837000000000000410e-01 8.786000000000000476e-01 8.844999999999999529e-01 8.871999999999999886e-01 8.800000000000000044e-01
8.738000000000000211e-01 8.665000000000000480e-01 8.708000000000000185e-01 8.732999999999999652e-01 8.750000000000000000e-01
8.388999999999999790e-01 8.282000000000000473e-01 8.409999999999999698e-01 8.417999999999999927e-01 8.387999999999999901e-01
8.353000000000000425e-01 7.881000000000000227e-01 8.352000000000000535e-01 8.183000000000000274e-01 8.076999999999999735e-01
5.020999999999999908e-01 6.709000000000000519e-01 6.176000000000000378e-01 4.989000000000000101e-01 6.669000000000000483e-01
4.978000000000000203e-01 4.932000000000000273e-01 4.976999999999999758e-01 4.978000000000000203e-01 4.909000000000000030e-01
5.011999999999999789e-01 4.979999999999999982e-01 4.956999999999999740e-01 4.922000000000000264e-01 5.003999999999999559e-01
